
P1/D1
Bus     BESS_kW
  6       0.000000
 10       0.000000
 14       0.000000
 18       0.000000
 22       0.000000
 26       0.000000

P1/D2
Bus     BESS_kW
  6       0.000000
 10       0.000000
 14       0.000000
 18       0.000000
 22       0.000000
 26       0.000000

P1/D3
Bus     BESS_kW
  6       0.000000
 10       0.000000
 14      53.534779
 18     195.000000
 22       0.000000
 26       0.000000

P1/D4
Bus     BESS_kW
  6       0.000000
 10      30.087115
 14     240.000000
 18     240.000000
 22       0.000000
 26       0.000000

P2/D1
Bus     BESS_kW
 14       0.000000
 16       0.000000
 17       0.000000
 18       0.000000
 30       0.000000
 33       0.000000

P2/D2
Bus     BESS_kW
 14       0.000000
 16       0.000000
 17      55.343322
 18     150.000000
 30       0.000000
 33       0.000000

P2/D3
Bus     BESS_kW
 14       0.000000
 16     135.473397
 17     195.000000
 18     195.000000
 30       0.000000
 33       0.000000

P2/D4
Bus     BESS_kW
 14     135.558619
 16     240.000000
 17     240.000000
 18     240.000000
 30       0.000000
 33       0.000000
